709,78	9,15
709,83	9,15
709,89	9,15
709,95	7,12
710,01	12,21
710,06	19,32
710,12	16,26
710,18	7,12
710,24	16,27
710,29	2,03
710,35	11,19
710,41	9,15
710,47	13,22
710,52	15,25
710,58	27,45
710,64	-3,05
710,70	29,49
710,76	39,64
710,81	1060,93
710,87	1950,54
710,93	2072,73
710,99	2048,43
711,04	2014,46
711,10	1945,54
711,16	1907,61
711,22	1937,74
711,27	1953,36
711,33	2027,93
711,39	2081,94
711,45	2083,87
711,50	2004,50
711,56	2007,32
711,62	2021,46
711,68	2053,39
711,73	2080,84
711,79	2104,73
711,85	2097,84
711,91	2053,84
711,96	1970,68
712,02	1987,13
712,08	2051,87
712,14	2162,60
712,19	2232,60
712,25	2194,64
712,31	2146,60
712,37	2049,16
712,42	1978,35
712,48	2010,31
712,54	2065,94
712,60	2117,61
712,65	2146,58
712,71	2051,13
712,77	1986,34
712,83	1999,33
712,88	2021,02
712,94	2175,45
713,00	2260,19
713,06	2267,23
713,11	2176,63
713,17	2153,57
713,23	2065,07
713,29	2055,19
713,34	2070,92
713,40	2182,44
713,46	2183,60
713,52	2201,47
713,57	2092,65
713,63	2025,95
713,69	2034,96
713,75	2196,68
713,80	2281,09
713,86	2336,74
713,92	2329,71
713,98	2282,32
714,03	2194,54
714,09	2090,70
714,15	2120,73
714,20	2216,62
714,26	2225,27
714,32	2300,10
714,38	2254,22
714,43	2213,42
714,49	2246,27
714,55	2229,50
714,61	2222,22
714,66	2298,98
714,72	2336,85
714,78	2317,07
714,84	2198,56
714,89	2152,77
714,95	2098,77
715,01	2172,86
715,07	2272,33
715,12	2277,17
715,18	2339,09
715,24	2283,04
715,29	2211,68
715,35	2193,35
715,41	2241,71
715,47	2320,25
715,52	2414,05
715,58	2369,84
715,64	2255,05
715,70	2192,25
715,75	2129,86
715,81	2177,44
715,87	2269,22
715,92	2258,16
715,98	2396,51
716,04	2420,81
716,10	2302,22
716,15	2224,40
716,21	2263,12
716,27	2315,10
716,33	2389,74
716,38	2406,41
716,44	2394,68
716,50	2343,01
716,55	2265,47
716,61	2135,79
716,67	2245,29
716,73	2352,79
716,78	2443,51
716,84	2533,25
716,90	2469,75
716,96	2361,71
717,01	2334,86
717,07	2299,06
717,13	2365,71
717,18	2448,64
717,24	2437,81
717,30	2361,98
717,36	2345,00
717,41	2225,58
717,47	2274,97
717,53	2403,56
717,58	2500,25
717,64	2555,06
717,70	2569,02
717,76	2482,32
717,81	2388,94
717,87	2321,87
717,93	2359,03
717,99	2426,50
718,04	2452,50
718,10	2499,38
718,16	2468,46
718,21	2313,96
718,27	2304,25
718,33	2357,70
718,39	2479,52
718,44	2587,02
718,50	2612,83
718,56	2675,74
718,61	2588,82
718,67	2448,49
718,73	2413,59
718,79	2390,00
718,84	2471,55
718,90	2498,55
718,96	2480,47
719,01	2475,43
719,07	2431,19
719,13	2387,79
719,18	2407,72
719,24	2535,43
719,30	2627,01
719,36	2714,51
719,41	2680,55
719,47	2577,01
719,53	2490,31
719,58	2343,57
719,64	2406,59
719,70	2473,25
719,76	2596,87
719,81	2660,46
719,87	2623,59
719,93	2614,91
719,98	2540,07
720,04	2607,13
720,10	2707,18
720,15	2808,96
720,21	2831,15
720,27	2771,15
720,33	2624,89
720,38	2465,51
720,44	2494,38
720,50	2536,09
720,55	2599,82
720,61	2737,34
720,67	2668,72
720,72	2683,67
720,78	2623,81
720,84	2513,12
720,90	2582,08
720,95	2678,60
721,01	2799,04
721,07	2820,15
721,12	2714,38
721,18	2617,81
721,24	2546,28
721,29	2526,21
721,35	2633,92
721,41	2727,44
721,47	2795,18
721,52	2840,95
721,58	2798,17
721,64	2743,19
721,69	2728,43
721,75	2718,60
721,81	2849,04
721,86	2909,92
721,92	2987,69
721,98	2885,86
722,03	2669,55
722,09	2580,81
722,15	2551,88
722,21	2636,80
722,26	2842,86
722,32	2989,48
722,38	2969,40
722,43	2928,66
722,49	2800,04
722,55	2722,43
722,60	2754,15
722,66	2805,95
722,72	2879,86
722,77	2933,62
722,83	2884,93
722,89	2760,29
722,95	2674,45
723,00	2628,86
723,06	2672,81
723,12	2811,12
723,17	2962,43
723,23	2960,38
723,29	2927,56
723,34	2896,70
723,40	2711,62
723,46	2689,77
723,51	2787,19
723,57	2831,98
723,63	2930,39
723,68	2949,60
723,74	2800,93
723,80	2738,21
723,85	2770,29
723,91	2809,98
723,97	2973,45
724,02	3192,75
724,08	3383,19
724,14	3174,75
724,20	2984,43
724,25	2819,24
724,31	2768,34
724,37	2837,19
724,42	2899,75
724,48	2947,59
724,54	3012,35
724,59	2985,43
724,65	2863,94
724,71	2836,82
724,76	2879,82
724,82	3031,47
724,88	3224,66
724,93	3243,44
724,99	3121,18
725,05	3097,95
725,10	2839,91
725,16	2734,35
725,22	2795,06
725,27	2910,09
725,33	3044,54
725,39	3134,38
725,44	3090,06
725,50	2975,59
725,56	2968,66
725,61	2889,91
725,67	3059,32
725,73	3265,63
725,78	3330,19
725,84	3282,59
725,90	3090,04
725,95	2946,72
726,01	2851,09
726,07	2950,45
726,12	3057,84
726,18	3230,37
726,24	3306,20
726,29	3334,14
726,35	3174,94
726,41	3060,19
726,46	3105,01
726,52	3165,19
726,58	3327,04
726,63	3402,14
726,69	3301,30
726,75	3167,18
726,80	3091,35
726,86	2961,58
726,92	2988,48
726,97	3085,16
727,03	3254,59
727,09	3419,60
727,14	3412,96
727,20	3257,31
727,26	3256,73
727,31	3148,60
727,37	3164,91
727,43	3214,65
727,48	3261,44
727,54	3294,30
727,60	3262,46
727,65	3219,55
727,71	3125,04
727,77	3125,95
727,82	3209,65
727,88	3413,79
727,94	3484,64
727,99	3558,49
728,05	3542,61
728,11	3377,67
728,16	3309,04
728,22	3234,29
728,27	3288,24
728,33	3532,42
728,39	3483,80
728,44	3485,78
728,50	3465,79
728,56	3244,52
728,61	3200,80
728,67	3291,43
728,73	3415,74
728,78	3629,06
728,84	3760,60
728,90	3655,09
728,95	3513,59
729,01	3349,18
729,07	3274,56
729,12	3307,29
729,18	3394,17
729,24	3515,67
729,29	3573,17
729,35	3497,73
729,40	3453,73
729,46	3377,44
729,52	3273,09
729,57	3461,88
729,63	3664,05
729,69	3810,55
729,74	3907,89
729,80	3746,96
729,86	3520,61
729,91	3425,97
729,97	3330,21
730,03	3473,90
730,08	3667,06
730,14	3705,72
730,19	3717,86
730,25	3704,03
730,31	3570,53
730,36	3531,57
730,42	3624,16
730,48	3680,00
730,53	3784,56
730,59	3942,05
730,65	3794,22
730,70	3639,14
730,76	3476,68
730,82	3359,11
730,87	3416,98
730,93	3608,32
730,98	3807,81
731,04	3907,30
731,10	3858,60
731,15	3749,15
731,21	3563,99
731,27	3577,32
731,32	3692,99
731,38	3854,77
731,43	3926,21
731,49	4027,95
731,55	3789,06
731,60	3608,01
731,66	3445,69
731,72	3486,63
731,77	3578,28
731,83	3804,32
731,89	3974,10
731,94	4065,61
732,00	4001,96
732,05	3828,40
732,11	3717,07
732,17	3713,81
732,22	3749,52
732,28	3981,83
732,34	3984,90
732,39	4099,24
732,45	3878,16
732,50	3739,60
732,56	3657,91
732,62	3680,10
732,67	3804,47
732,73	4120,45
732,79	4163,13
732,84	4234,24
732,90	4103,61
732,95	3754,69
733,01	3615,25
733,07	3778,42
733,12	3846,52
733,18	3919,77
733,24	4077,44
733,29	3858,42
733,35	3678,11
733,40	3631,30
733,46	3506,66
733,52	3577,53
733,57	3877,14
733,63	4109,43
733,69	4139,05
733,74	4025,50
733,80	3952,97
733,85	3746,78
733,91	3698,16
733,97	3853,52
734,02	3981,99
734,08	4078,64
734,14	4139,48
734,19	4173,26
734,25	4040,72
734,30	4026,71
734,36	4098,20
734,42	4066,75
734,47	4313,79
734,53	4458,15
734,58	4351,44
734,64	4304,82
734,70	4186,42
734,75	3988,05
734,81	3960,34
734,86	4016,93
734,92	4057,70
734,98	4384,53
735,03	4385,17
735,09	4249,63
735,15	4157,27
735,20	4100,48
735,26	4183,16
735,31	4312,71
735,37	4515,86
735,43	4666,23
735,48	4629,38
735,54	4460,00
735,59	4121,32
735,65	3999,76
735,71	4068,49
735,76	4225,19
735,82	4430,28
735,87	4662,55
735,93	4693,17
735,99	4575,85
736,04	4500,06
736,10	4565,62
736,15	4488,15
736,21	4626,33
736,27	5032,21
736,32	5076,69
736,38	5156,62
736,43	4968,13
736,49	4407,34
736,55	4263,68
736,60	4311,69
736,66	4401,26
736,71	4545,69
736,77	4871,69
736,83	4900,41
736,88	4958,16
736,94	4813,49
736,99	4552,75
737,05	4464,30
737,11	4586,62
737,16	4657,43
737,22	4812,99
737,27	4794,87
737,33	4763,94
737,39	4526,03
737,44	4291,54
737,50	4364,45
737,55	4501,81
737,61	4678,08
737,67	5122,74
737,72	5075,15
737,78	4778,01
737,83	4691,24
737,89	4704,23
737,95	4594,86
738,00	4916,58
738,06	4931,77
738,11	4963,06
738,17	5071,31
738,23	5011,08
738,28	4688,27
738,34	4477,19
738,39	4488,04
738,45	4601,69
738,51	4861,71
738,56	5239,37
738,62	5246,30
738,67	5059,10
738,73	4783,91
738,78	4650,41
738,84	4490,93
738,90	4607,96
738,95	4682,25
739,01	4846,46
739,06	4680,18
739,12	4706,19
739,18	4503,94
739,23	4357,40
739,29	4504,01
739,34	4598,54
739,40	4794,76
739,45	5180,66
739,51	5334,06
739,57	5032,03
739,62	4661,33
739,68	4372,43
739,73	4204,06
739,79	4476,27
739,85	4663,08
739,90	4716,19
739,96	4687,40
740,01	4657,34
740,07	4570,68
740,12	4475,98
740,18	4321,67
740,24	4566,80
740,29	4646,74
740,35	4823,64
740,40	4897,66
740,46	4816,95
740,52	4465,38
740,57	4186,13
740,63	4031,59
740,68	4125,66
740,74	4390,20
740,79	4455,06
740,85	4437,38
740,91	4493,13
740,96	4164,43
741,02	4024,98
741,07	4101,41
741,13	4171,26
741,18	4210,25
741,24	4425,42
741,30	4431,90
741,35	4288,79
741,41	4087,44
741,46	3816,20
741,52	3686,77
741,57	3881,67
741,63	4041,92
741,69	4143,28
741,74	4395,12
741,80	4419,42
741,85	4124,13
741,91	3924,33
741,96	3903,19
742,02	3871,06
742,08	3887,29
742,13	3970,81
742,19	3993,50
742,24	3879,38
742,30	3676,99
742,35	3481,58
742,41	3366,79
742,46	3432,62
742,52	3826,33
742,58	4113,37
742,63	4271,77
742,69	4357,50
742,74	4110,44
742,80	3702,67
742,85	3711,01
742,91	3911,14
742,97	3870,17
743,02	4089,73
743,08	4448,33
743,13	4466,21
743,19	4237,81
743,24	3858,95
743,30	3657,95
743,35	3635,99
743,41	3875,25
743,47	4229,12
743,52	4340,62
743,58	4300,34
743,63	4030,37
743,69	3714,67
743,74	3521,48
743,80	3376,15
743,85	3334,47
743,91	3209,83
743,97	3215,42
744,02	3253,55
744,08	3236,57
744,13	3359,27
744,19	3614,46
744,24	3750,66
744,30	3885,22
744,35	4045,80
744,41	3840,17
744,47	3403,01
744,52	3040,60
744,58	2721,58
744,63	2753,23
744,69	3277,18
744,74	3941,12
744,80	4416,24
744,85	4747,89
744,91	4597,66
744,96	3610,94
745,02	2799,98
745,08	2412,30
745,13	2733,54
745,19	3497,61
745,24	4448,13
745,30	5274,09
745,35	5362,02
745,41	4417,41
745,46	3177,89
745,52	2407,99
745,57	2502,16
745,63	3390,83
745,69	4413,30
745,74	5025,95
745,80	5172,71
745,85	4204,85
745,91	2912,78
745,96	2126,87
746,02	2293,53
746,07	3363,22
746,13	4893,47
746,18	6060,15
746,24	5593,30
746,30	4111,30
746,35	2682,57
746,41	2193,58
746,46	2686,61
746,52	3999,86
746,57	5135,71
746,63	5549,26
746,68	4704,13
746,74	3153,89
746,79	2063,14
746,85	2320,19
746,90	3735,51
746,96	5157,60
747,01	5768,76
747,07	5273,96
747,13	3750,68
747,18	2483,17
747,24	2560,10
747,29	3893,98
747,35	5231,45
747,40	5684,01
747,46	4868,60
747,51	3212,49
747,57	2119,98
747,62	2684,68
747,68	4557,44
747,73	6161,82
747,79	6596,03
747,84	5073,74
747,90	2949,64
747,96	2005,14
748,01	3014,24
748,07	5055,84
748,12	6700,37
748,18	6499,04
748,23	4513,20
748,29	2519,34
748,34	2030,38
748,40	3387,92
748,45	5508,44
748,51	6714,28
748,56	5947,78
748,62	3934,98
748,67	2423,69
748,73	2711,56
748,78	4527,84
748,84	6043,43
748,89	6024,40
748,95	4461,02
749,01	2683,32
749,06	2393,88
749,12	4089,73
749,17	5660,07
749,23	5874,61
749,28	4567,51
749,34	2810,21
749,39	2185,66
749,45	3798,55
749,50	6173,18
749,56	7212,87
749,61	5927,89
749,67	3540,37
749,72	2158,81
749,78	2998,48
749,83	5047,97
749,89	6607,16
749,94	5998,37
750,00	3962,00
750,05	2306,20
750,11	2539,06
750,16	4274,62
750,22	5754,93
750,27	5386,96
750,33	3640,10
750,38	2403,81
750,44	3074,95
750,49	5266,26
750,55	6888,49
750,60	6110,47
750,66	3902,24
750,72	2237,14
750,77	2729,47
750,83	4755,05
750,88	6293,83
750,94	6096,23
750,99	4081,67
751,05	2354,01
751,10	2840,70
751,16	4718,18
751,21	6211,11
751,27	5674,09
751,32	3826,57
751,38	2441,65
751,43	3156,01
751,49	5143,89
751,54	6082,03
751,60	4917,43
751,65	3048,51
751,71	2216,60
751,76	3590,42
751,82	5858,70
751,87	6797,54
751,93	5168,56
751,98	2881,71
752,04	2263,75
752,09	3869,97
752,15	5887,63
752,20	6236,03
752,26	4635,59
752,31	2641,89
752,37	2506,29
752,42	4344,57
752,48	5748,06
752,53	5164,37
752,59	3303,23
752,64	2231,60
752,70	3126,06
752,75	5486,74
752,81	6933,82
752,86	5567,29
752,92	3123,78
752,97	2231,27
753,03	3472,80
753,08	5523,42
753,14	6090,31
753,19	4721,01
753,25	2669,06
753,30	2488,38
753,36	4119,21
753,41	5471,64
753,47	4895,26
753,52	3274,43
753,58	2181,50
753,63	3266,22
753,69	5622,20
753,74	6876,82
753,80	5305,03
753,85	2915,48
753,91	2320,89
753,96	3967,03
754,01	5805,68
754,07	5715,01
754,12	3821,12
754,18	2452,58
754,23	3050,38
754,29	4894,45
754,34	5674,97
754,40	4426,09
754,45	2609,95
754,51	2366,69
754,56	4281,14
754,62	6616,42
754,67	6632,18
754,73	4276,80
754,78	2359,59
754,84	2893,75
754,89	4703,12
754,95	5808,52
755,00	4797,04
755,06	2966,46
755,11	2444,42
755,17	4097,59
755,22	5604,21
755,28	5266,38
755,33	3415,01
755,39	2211,39
755,44	3154,87
755,50	5554,45
755,55	6560,07
755,61	5174,38
755,66	2937,61
755,71	2542,23
755,77	4201,99
755,82	5748,77
755,88	5136,91
755,93	3243,61
755,99	2265,24
756,04	3501,39
756,10	5517,45
756,15	6022,13
756,21	4265,77
756,26	2423,88
756,32	2771,86
756,37	5059,83
756,43	6364,06
756,48	5387,82
756,54	3326,14
756,59	2536,23
756,65	3830,41
756,70	5502,38
756,75	5256,15
756,81	3491,27
756,86	2430,88
756,92	3506,35
756,97	5681,88
757,03	6296,89
757,08	4577,74
757,14	2568,90
757,19	2532,29
757,25	4294,73
757,30	5906,86
757,36	5323,06
757,41	3288,51
757,47	2516,96
757,52	4009,83
757,58	5520,50
757,63	5207,19
757,68	3451,84
757,74	2201,47
757,79	3138,05
757,85	5386,94
757,90	6345,96
757,96	4760,01
758,01	2767,12
758,07	2733,37
758,12	4389,34
758,18	5605,27
758,23	4859,88
758,29	2946,59
758,34	2586,08
758,39	4438,16
758,45	6300,19
758,50	5674,95
758,56	3397,76
758,61	2239,44
758,67	3300,24
758,72	5291,94
758,78	5987,61
758,83	4371,59
758,89	2660,55
758,94	3131,75
758,99	5280,09
759,05	6132,31
759,10	4593,39
759,16	2547,80
759,21	2626,66
759,27	4687,21
759,32	6352,93
759,38	5804,65
759,43	3571,34
759,49	2326,10
759,54	3533,44
759,59	5256,21
759,65	5076,95
759,70	3478,70
759,76	2467,19
759,81	3585,25
759,87	5734,96
759,92	6208,23
759,98	4338,32
760,03	2414,90
760,09	2857,09
760,14	4958,61
760,19	6028,53
760,25	4879,62
760,30	2883,60
760,36	2675,25
760,41	4295,46
760,47	5462,69
760,52	4648,23
760,58	2850,99
760,63	2383,87
760,68	4371,53
760,74	6565,22
760,79	6288,86
760,85	4079,49
760,90	2665,65
760,96	3680,06
761,01	5339,07
761,07	5665,17
761,12	3933,94
761,17	2454,47
761,23	3287,53
761,28	5570,48
761,34	6019,67
761,39	4347,45
761,45	2481,34
761,50	2676,59
761,56	4526,80
761,61	6069,19
761,66	5288,01
761,72	3156,96
761,77	2737,44
761,83	4566,80
761,88	5945,33
761,94	5170,53
761,99	2991,32
762,04	2297,11
762,10	3790,48
762,15	5891,52
762,21	6045,19
762,26	4059,55
762,32	2425,56
762,37	3300,04
762,43	5254,30
762,48	5656,73
762,53	3961,74
762,59	2657,48
762,64	3604,96
762,70	5869,55
762,75	6438,09
762,81	4935,49
762,86	2736,26
762,91	2582,85
762,97	4496,99
763,02	5897,64
763,08	4807,98
763,13	2901,35
763,19	2790,99
763,24	4711,13
763,29	5947,57
763,35	5119,54
763,40	3169,98
763,46	2515,25
763,51	4379,52
763,57	6542,13
763,62	6185,24
763,67	3858,36
763,73	2506,35
763,78	3478,64
763,84	5086,03
763,89	5191,48
763,94	3565,26
764,00	2402,69
764,05	3446,77
764,11	5761,05
764,16	6768,36
764,22	4909,44
764,27	2698,22
764,32	2914,53
764,38	4969,08
764,43	6106,96
764,49	4791,86
764,54	2884,70
764,60	2893,81
764,65	4992,19
764,70	6499,85
764,76	5358,63
764,81	3135,67
764,87	2530,96
764,92	4322,73
764,97	6153,32
765,03	5714,21
765,08	3793,65
765,14	2790,91
765,19	4303,45
765,25	6179,01
765,30	5906,46
765,35	3822,50
765,41	2487,28
765,46	3844,30
765,52	6241,05
765,57	6723,33
765,62	4538,90
765,68	2697,59
765,73	3164,75
765,79	4935,47
765,84	5609,18
765,89	4296,58
765,95	2701,29
766,00	3368,08
766,06	5858,51
766,11	7229,06
766,17	5535,40
766,22	3069,16
766,27	2712,77
766,33	4411,20
766,38	5802,76
766,44	5185,52
766,49	3271,38
766,54	2728,52
766,60	4560,84
766,65	6223,97
766,71	5777,78
766,76	3434,86
766,81	2509,53
766,87	3965,80
766,92	6145,48
766,98	6460,98
767,03	4670,40
767,08	3050,76
767,14	3949,05
767,19	6025,35
767,25	6287,23
767,30	4388,39
767,35	2658,53
767,41	3519,74
767,46	5877,70
767,52	6829,54
767,57	5158,82
767,62	3018,27
767,68	3260,20
767,73	5041,02
767,79	6231,00
767,84	5103,96
767,89	3123,96
767,95	3174,94
768,00	5708,08
768,06	7308,39
768,11	6008,19
768,16	3510,36
768,22	2680,45
768,27	4030,57
768,33	5876,90
768,38	6062,22
768,43	4076,24
768,49	2856,08
768,54	4308,78
768,60	6594,94
768,65	6364,18
768,70	4023,45
768,76	2635,77
768,81	3804,47
768,86	6322,28
768,92	7212,86
768,97	5402,52
769,03	3233,58
769,08	3520,55
769,13	5471,57
769,19	6488,07
769,24	4928,31
769,30	2988,50
769,35	3250,46
769,40	5665,13
769,46	7268,16
769,51	6039,42
769,57	3559,39
769,62	2958,36
769,67	4696,33
769,73	6665,27
769,78	6266,84
769,83	4014,48
769,89	3117,80
769,94	5024,16
770,00	7124,60
770,05	6771,22
770,10	4217,99
770,16	2722,11
770,21	3719,49
770,26	5852,53
770,32	6707,41
770,37	5063,94
770,43	3176,56
770,48	3893,94
770,53	6278,83
770,59	7127,46
770,64	5118,55
770,70	3118,88
770,75	3296,13
770,80	5609,28
770,86	7218,96
770,91	6054,23
770,96	3739,64
771,02	3008,18
771,07	4573,30
771,13	6202,08
771,18	5689,07
771,23	3567,34
771,29	2829,20
771,34	4893,57
771,39	7140,49
771,45	7186,88
771,50	4779,70
771,56	3116,13
771,61	3916,29
771,66	6162,04
771,72	6815,54
771,77	4892,42
771,82	3047,30
771,88	3970,56
771,93	6506,23
771,98	7141,55
772,04	5265,20
772,09	3200,68
772,15	3162,74
772,20	5209,49
772,25	7031,12
772,31	6329,19
772,36	4069,41
772,41	3646,04
772,47	5745,91
772,52	7755,86
772,57	6790,64
772,63	4181,33
772,68	2930,73
772,74	4303,45
772,79	6703,10
772,84	6981,83
772,90	4853,70
772,95	3117,92
773,00	3842,45
773,06	6026,29
773,11	6709,23
773,16	5054,05
773,22	3191,61
773,27	3969,85
773,33	6793,25
773,38	8241,66
773,43	6682,05
773,49	4168,09
773,54	3484,51
773,59	5132,68
773,65	6924,80
773,70	6380,06
773,75	4036,77
773,81	3293,06
773,86	5316,96
773,91	7636,64
773,97	7230,87
774,02	4828,62
774,08	3163,65
774,13	4177,20
774,18	6784,31
774,24	7886,06
774,29	5995,19
774,34	3858,25
774,40	4368,28
774,45	7071,23
774,50	8334,05
774,56	6381,09
774,61	3660,92
774,66	3358,92
774,72	5511,18
774,77	7641,84
774,82	6993,09
774,88	4611,43
774,93	3576,31
774,99	5259,24
775,04	7361,75
775,09	7182,68
775,15	4736,06
775,20	3311,24
775,25	4793,81
775,31	7830,63
775,36	8373,68
775,41	6127,24
775,47	3690,69
775,52	3818,29
775,57	5805,78
775,63	7023,98
775,68	5832,81
775,73	3803,31
775,79	3636,05
775,84	6258,05
775,89	8408,24
775,95	7529,92
776,00	4803,94
776,05	3414,66
776,11	4958,30
776,16	7499,52
776,21	7945,85
776,27	5733,64
776,32	3682,78
776,37	4669,24
776,43	7450,23
776,48	8412,30
776,53	6164,08
776,59	3719,79
776,64	3685,00
776,69	6217,05
776,75	8118,94
776,80	7673,00
776,85	5013,15
776,91	3905,98
776,96	5792,69
777,01	8151,38
777,07	7765,87
777,12	5195,43
777,17	3613,34
777,23	5215,49
777,28	8093,63
777,33	8703,56
777,39	6381,07
777,44	4019,77
777,49	4078,48
777,55	6137,25
777,60	7443,23
777,65	6399,97
777,71	4111,21
777,76	3828,50
777,81	6412,76
777,87	9226,58
777,92	8615,89
777,97	5689,09
778,03	3750,72
778,08	4768,58
778,13	7275,28
778,19	8005,51
778,24	6216,15
778,29	3938,05
778,35	4415,98
778,40	7075,23
778,45	8744,37
778,51	7148,55
778,56	4358,39
778,61	3752,55
778,67	6044,97
778,72	8434,67
778,77	8170,63
778,83	5783,64
778,88	4052,47
778,93	5493,17
778,99	8282,25
779,04	9050,15
779,09	6617,01
779,15	4114,20
779,20	4472,04
779,25	7308,43
779,30	9092,23
779,36	7688,09
779,41	4950,23
779,46	3848,47
779,52	5614,95
779,57	7962,99
779,62	7830,44
779,68	5675,93
779,73	3955,90
779,78	5605,35
779,84	8602,65
779,89	9850,56
779,94	7509,66
780,00	4581,44
780,05	4221,02
780,10	6131,99
780,16	7777,95
780,21	6993,90
780,26	4660,29
780,31	3890,30
780,37	5991,36
780,42	8998,86
780,47	8890,45
780,53	6118,16
780,58	3961,70
780,63	4780,79
780,69	7649,81
780,74	9326,31
780,79	7903,30
780,85	5234,12
780,90	4499,57
780,95	6738,93
781,00	8721,94
781,06	8023,69
781,11	5444,95
781,16	3905,08
781,22	5342,68
781,27	8577,18
781,32	9371,51
781,38	7341,57
781,43	4642,40
781,48	4441,89
781,54	6909,70
781,59	8991,81
781,64	8176,72
781,69	5453,64
781,75	4262,50
781,80	6431,94
781,85	9744,84
781,91	9899,29
781,96	6946,70
782,01	4432,08
782,07	4664,11
782,12	6886,55
782,17	8299,51
782,22	7397,92
782,28	5003,96
782,33	4386,23
782,38	6723,16
782,44	9720,18
782,49	9256,41
782,54	6408,16
782,59	4225,82
782,65	5191,30
782,70	7869,90
782,75	9331,35
782,81	7560,04
782,86	4977,18
782,91	4382,39
782,97	6475,90
783,02	8747,52
783,07	8118,91
783,12	5389,53
783,18	3908,07
783,23	5498,49
783,28	8545,60
783,34	9850,43
783,39	8265,01
783,44	5331,11
783,49	4840,76
783,55	7199,73
783,60	9332,31
783,65	8881,22
783,71	6164,31
783,76	4331,33
783,81	6024,53
783,86	9444,51
783,92	10168,96
783,97	7798,13
784,02	4997,88
784,08	4473,14
784,13	6452,91
784,18	8526,26
784,23	8360,47
784,29	6080,23
784,34	4739,07
784,39	6282,95
784,45	9318,03
784,50	10412,82
784,55	7959,98
784,60	4841,80
784,66	4482,84
784,71	6872,62
784,76	8868,99
784,82	8481,48
784,87	6032,37
784,92	4167,05
784,97	5197,77
785,03	7779,98
785,08	8664,81
785,13	6808,45
785,18	4529,75
785,24	4483,81
785,29	7071,09
785,34	9807,03
785,40	9591,85
785,45	6511,03
785,50	4517,65
785,55	5631,16
785,61	8073,37
785,66	9105,37
785,71	7653,88
785,77	4995,79
785,82	4524,79
785,87	6892,66
785,92	9899,15
785,98	9531,39
786,03	6651,13
786,08	4642,19
786,13	5436,39
786,19	7465,37
786,24	9147,53
786,29	8062,20
786,34	5660,99
786,40	4749,84
786,45	7168,55
786,50	10246,14
786,56	9994,38
786,61	6940,86
786,66	4600,29
786,71	4818,86
786,77	7138,45
786,82	9177,31
786,87	8598,57
786,92	5806,55
786,98	4335,17
787,03	5998,20
787,08	8610,78
787,13	9048,14
787,19	7164,60
787,24	4792,57
787,29	4755,13
787,35	7086,25
787,40	9805,09
787,45	9326,26
787,50	6594,73
787,56	4404,96
787,61	4964,06
787,66	7175,51
787,71	8281,24
787,77	6901,67
787,82	4779,78
787,87	4442,27
787,92	6534,19
787,98	9212,16
788,03	9549,58
788,08	6996,99
788,13	4583,43
788,19	4701,10
788,24	7270,14
788,29	9015,34
788,34	8358,43
788,40	6048,26
788,45	4667,23
788,50	5974,30
788,55	8622,01
788,61	9256,42
788,66	7257,18
788,71	4705,07
788,76	4277,59
788,82	6464,80
788,87	9249,10
788,92	9343,70
788,97	7140,41
789,03	4825,45
789,08	5320,94
789,13	7646,80
789,18	9243,00
789,24	8076,34
789,29	5412,56
789,34	4220,79
789,39	5847,65
789,45	8721,92
789,50	9636,37
789,55	7746,66
789,60	5144,54
789,66	4212,74
789,71	5930,14
789,76	7878,00
789,81	8198,03
789,87	6250,09
789,92	4458,07
789,97	5071,89
790,02	7569,15
790,08	9622,01
790,13	8844,51
790,18	5914,28
790,23	4153,90
790,29	5115,62
790,34	7580,22
790,39	8888,43
790,44	7504,74
790,50	4966,28
790,55	4279,72
790,60	6094,18
790,65	8110,84
790,70	8532,38
790,76	6572,89
790,81	4461,91
790,86	4341,40
790,91	6633,00
790,97	9464,06
791,02	9622,90
791,07	6981,82
791,12	4709,20
791,18	5280,05
791,23	7502,64
791,28	8716,81
791,33	7246,92
791,39	5086,40
791,44	4226,61
791,49	5651,89
791,54	7991,31
791,59	9267,70
791,65	7692,08
791,70	5109,52
791,75	3992,64
791,80	5381,81
791,86	7927,61
791,91	8349,30
791,96	6497,80
792,01	4560,45
792,07	4935,06
792,12	7295,29
792,17	9028,70
792,22	8478,44
792,27	6320,60
792,33	4426,17
792,38	4469,13
792,43	6601,06
792,48	8321,87
792,54	7873,97
792,59	5591,90
792,64	4363,31
792,69	5149,40
792,74	7393,91
792,80	8450,95
792,85	7334,56
792,90	4935,18
792,95	4048,04
793,01	5991,20
793,06	9174,31
793,11	10049,73
793,16	8088,58
793,21	5302,94
793,27	4432,96
793,32	5831,59
793,37	7556,04
793,42	7869,96
793,48	6495,83
793,53	4578,49
793,58	4472,89
793,63	6600,93
793,68	9181,41
793,74	8954,96
793,79	6544,72
793,84	4276,45
793,89	4461,91
793,94	6551,01
794,00	8564,96
794,05	8075,31
794,10	6095,82
794,15	4442,01
794,21	5034,81
794,26	6968,79
794,31	8218,33
794,36	7273,00
794,41	5138,66
794,47	3826,41
794,52	4742,79
794,57	6865,54
794,62	8308,66
794,67	7661,85
794,73	5439,48
794,78	4074,59
794,83	4857,20
794,88	6932,66
794,93	8095,62
794,99	6991,67
795,04	4972,95
795,09	4114,37
795,14	5634,82
795,19	8169,62
795,25	8838,39
795,30	7091,27
795,35	4787,59
795,40	3782,44
795,46	4972,07
795,51	6877,69
795,56	7828,44
795,61	6836,40
795,66	4864,45
795,72	4462,87
795,77	6102,06
795,82	8425,52
795,87	8980,45
795,92	6992,87
795,98	4765,77
796,03	4055,18
796,08	5480,50
796,13	7696,23
796,18	8545,60
796,24	6961,94
796,29	4705,31
796,34	4064,61
796,39	5571,95
796,44	7449,18
796,50	7408,97
796,55	5728,69
796,60	4034,66
796,65	4015,16
796,70	6074,22
796,75	8298,50
796,81	8887,45
796,86	7281,08
796,91	4938,33
796,96	4230,96
797,01	5526,33
797,07	7175,63
797,12	7569,05
797,17	6169,90
797,22	4440,95
797,27	4168,03
797,33	5675,87
797,38	7653,83
797,43	7969,06
797,48	6211,12
797,53	4292,43
797,59	3776,32
797,64	5532,21
797,69	7883,03
797,74	8514,04
797,79	6885,40
797,84	4835,74
797,90	4284,64
797,95	5782,51
798,00	7359,60
798,05	7636,56
798,10	6125,01
798,16	4407,03
798,21	3978,39
798,26	5675,89
798,31	7556,06
798,36	8297,50
798,41	6930,72
798,47	4815,61
798,52	3912,79
798,57	5001,93
798,62	6782,48
798,67	7739,65
798,73	6717,11
798,78	4822,46
798,83	4201,90
798,88	5801,37
798,93	7903,27
798,98	8492,66
799,04	6868,27
799,09	4638,07
799,14	3614,84
799,19	4577,57
799,24	6555,19
799,30	7633,68
799,35	6729,19
799,40	4940,19
799,45	3896,87
799,50	4939,99
799,55	6831,33
799,61	7633,62
799,66	6837,34
799,71	5018,49
799,76	4064,40
799,81	4886,48
799,86	6708,17
799,92	8273,10
799,97	7958,91
800,02	5905,35
800,07	4089,27
800,12	4272,73
800,17	5800,71
800,23	7237,98
800,28	6940,60
800,33	5301,81
800,38	3904,03
800,43	4360,06
800,48	6207,95
800,54	8270,06
800,59	8232,53
800,64	6381,82
800,69	4327,26
800,74	4143,00
800,79	5806,60
800,85	7954,86
800,90	8429,59
800,95	6840,32
801,00	4844,40
801,05	4171,83
801,10	5213,21
801,16	6858,54
801,21	7185,61
801,26	6135,97
801,31	4434,10
801,36	3708,79
801,41	4813,86
801,47	7070,20
801,52	8223,38
801,57	7480,41
801,62	5489,45
801,67	3951,63
801,72	4305,49
801,77	5739,87
801,83	7081,27
801,88	7085,23
801,93	5277,94
801,98	3857,93
802,03	4214,07
802,08	5967,16
802,14	7448,17
802,19	7244,88
802,24	5546,16
802,29	3943,84
802,34	3670,66
802,39	5105,81
802,44	7003,84
802,50	7812,23
802,55	6689,08
802,60	4836,63
802,65	3926,94
802,70	4998,02
802,75	6807,42
802,81	7645,67
802,86	6661,13
802,91	4787,69
802,96	3758,49
803,01	4421,74
803,06	6373,77
803,11	7836,59
803,17	7703,22
803,22	6062,13
803,27	4223,78
803,32	3995,65
803,37	5256,07
803,42	6971,69
803,47	7342,47
803,53	6101,09
803,58	4477,79
803,63	4083,15
803,68	5280,00
803,73	7236,81
803,78	8199,01
803,83	7086,09
803,89	5033,84
803,94	3784,54
803,99	4399,31
804,04	6043,15
804,09	7380,72
804,14	7225,85
804,19	5583,25
804,25	4110,36
804,30	3837,23
804,35	5125,50
804,40	6439,79
804,45	6855,36
804,50	5730,80
804,55	4317,38
804,61	4030,69
804,66	5416,87
804,71	7299,28
804,76	8221,35
804,81	7250,03
804,86	5198,08
804,91	3815,28
804,96	4077,28
805,02	5479,31
805,07	6878,51
805,12	6984,79
805,17	5633,85
805,22	4119,06
805,27	3957,41
805,32	5236,86
805,38	6956,67
805,43	7537,81
805,48	6537,78
805,53	4738,01
805,58	3759,59
805,63	4414,21
805,68	6549,87
805,73	8273,10
805,79	8032,78
805,84	6235,86
805,89	4681,03
805,94	4340,10
805,99	5255,84
806,04	6250,94
806,09	6538,84
806,14	5601,16
806,20	4235,82
806,25	3586,05
806,30	4696,08
806,35	6692,10
806,40	7988,27
806,45	7405,87
806,50	5417,55
806,55	3829,07
806,61	3789,14
806,66	5081,67
806,71	6746,17
806,76	7545,93
806,81	6510,81
806,86	4729,00
806,91	3760,64
806,96	4367,38
807,02	5711,76
807,07	6546,88
807,12	6021,01
807,17	4604,15
807,22	3460,50
807,27	3656,91
807,32	5131,64
807,37	6890,62
807,42	7746,71
807,48	6609,94
807,53	4773,92
807,58	3739,40
807,63	4366,30
807,68	5942,15
807,73	7083,36
807,78	6819,26
807,83	5473,44
807,88	4097,16
807,94	3922,66
807,99	5082,75
808,04	6677,95
808,09	6940,67
808,14	5958,34
808,19	4310,41
808,24	3374,16
808,29	3937,78
808,34	5513,11
808,40	7149,38
808,45	7399,86
808,50	6117,18
808,55	4433,87
808,60	3690,41
808,65	4525,50
808,70	6067,19
808,75	6963,87
808,80	6336,00
808,86	4731,06
808,91	3668,77
808,96	3718,51
809,01	5064,47
809,06	6534,08
809,11	6816,41
809,16	5876,52
809,21	4214,00
809,26	3411,59
809,31	4002,45
809,37	5567,08
809,42	6777,22
809,47	6756,37
809,52	5406,62
809,57	4044,58
809,62	3796,21
809,67	4929,14
809,72	6370,76
809,77	7043,08
809,82	6301,74
809,88	4753,97
809,93	3572,10
809,98	3835,89
810,03	5359,92
810,08	6930,79
810,13	7372,72
810,18	6315,97
810,23	4680,04
810,28	3633,76
810,33	3901,91
810,38	5121,54
810,44	6559,08
810,49	6818,48
810,54	5662,96
810,59	4217,62
810,64	3759,34
810,69	4731,69
810,74	6150,11
810,79	7079,26
810,84	6549,06
810,89	5053,95
810,94	3787,47
811,00	3535,27
811,05	4636,34
811,10	6303,75
811,15	7064,20
811,20	6327,85
811,25	4794,91
811,30	3581,25
811,35	3633,14
811,40	4582,39
811,45	5730,80
811,50	6234,03
811,56	5576,07
811,61	4442,03
811,66	3653,86
811,71	4280,68
811,76	5811,50
811,81	7132,56
811,86	6844,56
811,91	5548,23
811,96	3944,92
812,01	3241,39
812,06	3770,34
812,11	5308,17
812,16	6464,82
812,22	6587,99
812,27	5290,00
812,32	3842,25
812,37	3370,05
812,42	4140,03
812,47	5447,50
812,52	6237,96
812,57	5816,56
812,62	4793,67
812,67	3625,05
812,72	3533,34
812,77	4707,98
812,82	6423,06
812,88	7208,75
812,93	6682,19
812,98	5068,98
813,03	3636,93
813,08	3291,29
813,13	4112,27
813,18	5286,00
813,23	6138,86
813,28	5995,15
813,33	4853,84
813,38	3709,79
813,43	3638,04
813,48	4756,76
813,53	6156,19
813,59	6663,08
813,64	6009,28
813,69	4590,65
813,74	3532,46
813,79	3535,43
813,84	4749,97
813,89	6233,02
813,94	7022,03
813,99	6175,07
814,04	4561,21
814,09	3391,79
814,14	3343,19
814,19	4133,11
814,24	5242,10
814,29	5744,82
814,35	5352,80
814,40	4321,47
814,45	3534,21
814,50	3731,75
814,55	4902,36
814,60	6110,14
814,65	6601,18
814,70	5743,59
814,75	4359,60
814,80	3250,42
814,85	3380,74
814,90	4470,80
814,95	5844,64
815,00	6390,99
815,05	5824,64
815,10	4454,92
815,16	3340,05
815,21	3200,38
815,26	4046,47
815,31	5134,78
815,36	5691,55
815,41	5184,25
815,46	4162,28
815,51	3228,64
815,56	3270,10
815,61	4481,05
815,66	5825,45
815,71	6411,87
815,76	5847,57
815,81	4519,03
815,86	3382,74
815,91	3275,19
815,96	3981,62
816,01	5158,47
816,06	6166,92
816,12	6015,38
816,17	4805,83
816,22	3464,65
816,27	3019,36
816,32	3624,05
816,37	4724,98
816,42	5584,23
816,47	5451,54
816,52	4535,60
816,57	3493,42
816,62	3127,84
816,67	4027,83
816,72	5460,54
816,77	6506,93
816,82	6227,07
816,87	5055,05
816,92	3644,84
816,97	3003,28
817,02	3513,39
817,07	4636,44
817,12	5664,17
817,17	5965,35
817,23	5313,13
817,28	4050,52
817,33	3158,87
817,38	3225,41
817,43	4151,17
817,48	5199,06
817,53	5530,30
817,58	4988,22
817,63	3959,91
817,68	3193,34
817,73	3295,03
817,78	4263,80
817,83	5689,82
817,88	6396,07
817,93	5898,45
817,98	4556,53
818,03	3388,84
818,08	3028,31
818,13	3660,98
818,18	4846,48
818,23	5776,94
818,28	5932,45
818,33	5049,94
818,38	3798,39
818,43	3066,03
818,48	3362,77
818,53	4308,50
818,58	5298,04
818,63	5539,43
818,69	5062,70
818,74	3958,81
818,79	3165,66
818,84	3334,93
818,89	4391,11
818,94	5512,41
818,99	6125,96
819,04	5574,08
819,09	4287,65
819,14	3142,63
819,19	2818,82
819,24	3437,82
819,29	4585,71
819,34	5407,96
819,39	5471,33
819,44	4688,25
819,49	3611,12
819,54	2985,10
819,59	3297,27
819,64	4284,75
819,69	5233,11
819,74	5452,42
819,79	4815,73
819,84	3790,74
819,89	3014,36
819,94	3031,22
819,99	3981,64
820,04	5204,40
820,09	5919,30
820,14	5551,18
820,19	4455,79
820,24	3303,27
820,29	2876,63
820,34	3301,09
820,39	4418,95
820,44	5337,01
820,49	5704,15
820,54	5065,61
820,59	3959,58
820,64	3101,67
820,69	3143,50
820,74	3927,86
820,79	5003,86
820,84	5526,37
820,89	5248,92
820,94	4285,66
820,99	3320,08
821,04	2924,47
821,10	3419,79
821,15	4544,73
821,20	5493,56
821,25	5455,38
821,30	4705,90
821,35	3488,52
821,40	2715,28
821,45	2868,42
821,50	3844,26
821,55	5102,93
821,60	5838,59
821,65	5753,86
821,70	4937,26
821,75	3727,60
821,80	3203,59
821,85	3491,39
821,90	4431,98
821,95	5245,01
822,00	5392,56
822,05	4800,62
822,10	3797,33
822,15	2939,62
822,20	2912,53
822,25	3650,57
822,30	4845,54
822,35	5485,31
822,40	5320,89
822,45	4409,01
822,50	3364,96
822,55	2716,29
822,60	3047,37
822,65	4025,61
822,70	5162,62
822,75	5757,71
822,80	5496,30
822,85	4428,26
822,90	3297,13
822,95	2867,80
823,00	3249,32
823,05	4068,60
823,10	4752,79
823,15	5037,88
823,20	4624,57
823,25	3688,76
823,30	2959,38
823,35	2934,33
823,40	3717,66
823,45	4717,15
823,50	5350,75
823,55	5055,82
823,60	4184,17
823,65	3284,19
823,70	2789,31
823,75	3003,00
823,80	4082,36
823,85	5439,78
823,90	6245,94
823,95	5885,31
823,99	4727,90
824,04	3515,65
824,09	2839,81
824,14	2958,36
824,19	3796,33
824,24	4682,42
824,29	5106,67
824,34	4890,61
824,39	3980,73
824,44	3068,54
824,49	2761,92
824,54	3233,28
824,59	4051,29
824,64	4889,28
824,69	4976,76
824,74	4525,78
824,79	3571,43
824,84	2892,71
824,89	2863,74
824,94	3663,81
824,99	4961,17
825,04	5952,50
825,09	6111,28
825,14	5194,29
825,19	3912,81
825,24	2996,20
825,29	2764,01
825,34	3303,96
825,39	4239,77
825,44	4951,03
825,49	5094,57
825,54	4584,53
825,59	3669,93
825,64	2934,41
825,69	2822,73
825,74	3319,96
825,79	4227,73
825,84	4984,97
825,89	5059,61
825,94	4521,69
825,99	3537,06
826,04	2899,81
826,09	2997,38
826,14	3815,16
826,19	4877,19
826,24	5502,44
826,29	5389,91
826,34	4467,93
826,38	3485,35
826,43	2737,27
826,48	2672,60
826,53	3340,93
826,58	4473,73
826,63	5318,83
826,68	5464,45
826,73	4648,23
826,78	3701,63
826,83	2872,64
826,88	2773,95
826,93	3358,84
826,98	4364,29
827,03	5072,85
827,08	5222,40
827,13	4564,40
827,18	3629,73
827,23	2935,31
827,28	2883,50
827,33	3450,53
827,38	4270,55
827,43	4922,41
827,48	5016,98
827,53	4371,02
827,58	3510,32
827,63	2805,04
827,68	2783,91
827,73	3429,73
827,78	4444,85
827,82	5424,37
827,87	5677,83
827,92	5222,36
827,97	4248,77
828,02	3228,38
828,07	2897,75
828,12	3206,43
828,17	4044,48
828,22	4957,25
828,27	5304,92
828,32	4987,92
828,37	4114,26
828,42	3221,42
828,47	2745,16
828,52	2965,40
828,57	3771,48
828,62	4523,81
828,67	4866,59
828,72	4552,46
828,77	3847,27
828,82	3049,11
828,87	2616,45
828,91	2873,74
828,96	3829,19
829,01	4902,36
829,06	5710,77
829,11	5724,85
829,16	5009,68
829,21	3878,79
829,26	3109,93
829,31	3024,96
829,36	3683,03
829,41	4636,22
829,46	5486,48
829,51	5607,05
829,56	5098,76
829,61	4130,31
829,66	3180,51
829,71	2808,90
829,76	3103,08
829,80	3756,31
829,85	4550,55
829,90	4944,46
829,95	4781,79
830,00	4032,52
830,05	3212,72
830,10	2817,08
830,15	3086,12
830,20	3937,70
830,25	4712,90
830,30	5228,22
830,35	5061,84
830,40	4383,08
830,45	3525,31
830,50	2839,77
830,55	2763,16
830,60	3372,83
830,64	4506,73
830,69	5416,83
830,74	5658,09
830,79	5113,83
830,84	4143,99
830,89	3148,79
830,94	2706,37
830,99	2914,84
831,04	3732,60
831,09	4947,10
831,14	5678,71
831,19	5755,03
831,24	5067,86
831,29	3936,73
831,34	2998,10
831,38	2745,14
831,43	3146,61
831,48	3892,11
831,53	4715,03
831,58	4997,19
831,63	4719,99
831,68	3897,73
831,73	3117,62
831,78	2704,09
831,83	2989,92
831,88	3676,58
831,93	4572,71
831,98	5104,64
832,03	5208,21
832,07	4546,66
832,12	3563,07
832,17	2837,06
832,22	2769,01
832,27	3338,66
832,32	4383,06
832,37	5285,88
832,42	5803,59
832,47	5573,32
832,52	4628,45
832,57	3500,17
832,62	2777,02
832,67	2677,34
832,71	3240,39
832,76	4107,09
832,81	4875,46
832,86	5225,33
832,91	4915,25
832,96	4085,33
833,01	3206,60
833,06	2698,16
833,11	2905,36
833,16	3578,95
833,21	4400,83
833,26	5119,58
833,30	5060,63
833,35	4608,50
833,40	3729,63
833,45	3033,01
833,50	2849,89
833,55	3288,32
833,60	4212,82
833,65	5186,28
833,70	5578,30
833,75	5224,42
833,80	4320,43
833,84	3391,54
833,89	2729,33
833,94	2613,60
833,99	3248,24
834,04	4309,39
834,09	5404,65
834,14	5928,49
834,19	5679,92
834,24	4762,88
834,29	3728,44
834,34	2988,23
834,38	2794,79
834,43	3342,90
834,48	4225,64
834,53	5221,09
834,58	5794,57
834,63	5459,40
834,68	4685,14
834,73	3613,91
834,78	2880,63
834,83	2747,26
834,88	3145,53
834,92	4043,38
834,97	4866,57
835,02	5213,13
835,07	4939,29
835,12	4199,95
835,17	3291,23
835,22	2763,91
835,27	2878,60
835,32	3515,36
835,37	4490,69
835,41	5287,07
835,46	5586,11
835,51	5236,16
835,56	4313,34
835,61	3334,67
835,66	2771,13
835,71	2770,11
835,76	3405,45
835,81	4340,08
835,85	5199,22
835,90	5554,15
835,95	5258,15
836,00	4465,07
836,05	3450,72
836,10	2672,50
836,15	2549,71
836,20	3000,27
836,25	3895,24
836,30	4867,38
836,34	5485,33
836,39	5520,23
836,44	4948,00
836,49	3888,88
836,54	3006,31
836,59	2685,47
836,64	2866,54
836,69	3535,17
836,74	4309,68
836,78	4856,52
836,83	4953,98
836,88	4322,26
836,93	3578,16
836,98	2804,75
837,03	2532,17
837,08	2686,26
837,13	3475,36
837,17	4262,52
837,22	4730,93
837,27	4810,73
837,32	4413,03
837,37	3619,07
837,42	2907,55
837,47	2545,89
837,52	2823,87
837,57	3637,07
837,61	4613,56
837,66	5453,50
837,71	5627,98
837,76	5095,81
837,81	4274,20
837,86	3329,89
837,91	2723,18
837,96	2639,38
838,00	3204,52
838,05	4096,94
838,10	5054,43
838,15	5550,20
838,20	5459,58
838,25	4740,02
838,30	3824,11
838,35	3048,71
838,39	2596,53
838,44	2735,36
838,49	3483,32
838,54	4437,58
838,59	5192,30
838,64	5581,29
838,69	5328,16
838,74	4648,38
838,78	3680,83
838,83	2934,64
838,88	2700,11
838,93	3029,78
838,98	3769,29
839,03	4403,98
839,08	4827,59
839,13	4731,57
839,17	4377,22
839,22	3691,69
839,27	2987,00
839,32	2600,80
839,37	2809,84
839,42	3531,08
839,47	4386,01
839,51	5012,63
839,56	5195,17
839,61	4912,24
839,66	4234,76
839,71	3408,70
839,76	2932,52
839,81	2828,77
839,86	3295,07
839,90	4127,12
839,95	4950,15
840,00	5412,35
840,05	5303,80
840,10	4715,01
840,15	3849,02
840,20	2937,12
840,24	2451,17
840,29	2462,03
840,34	3029,02
840,39	3862,12
840,44	4817,91
840,49	5475,38
840,54	5409,26
840,58	4789,74
840,63	3779,45
840,68	2966,33
840,73	2577,76
840,78	2770,98
840,83	3380,50
840,88	4165,75
840,92	4956,97
840,97	5495,40
841,02	5490,39
841,07	4880,38
841,12	3950,38
841,17	3116,52
841,21	2721,11
841,26	2803,66
841,31	3356,73
841,36	3976,50
841,41	4518,81
841,46	4842,37
841,51	4660,31
841,55	4045,31
841,60	3277,30
841,65	2673,42
841,70	2529,09
841,75	2806,99
841,80	3469,31
841,85	4160,50
841,89	4819,51
841,94	4978,89
841,99	4760,91
842,04	4151,19
842,09	3282,18
842,14	2678,54
842,18	2501,31
842,23	2755,90
842,28	3456,47
842,33	4212,68
842,38	4797,67
842,43	4905,17
842,47	4638,23
842,52	3964,73
842,57	3118,73
842,62	2522,93
842,67	2338,82
842,72	2702,47
842,77	3502,33
842,81	4515,68
842,86	5405,56
842,91	5884,63
842,96	5633,04
843,01	4875,12
843,06	3880,83
843,10	3025,57
843,15	2566,74
843,20	2629,58
843,25	3265,16
843,30	4196,96
843,35	5005,85
843,39	5376,48
843,44	5436,63
843,49	4724,69
843,54	3842,17
843,59	2975,34
843,64	2403,50
843,68	2292,79
843,73	2683,19
843,78	3527,26
843,83	4435,20
843,88	5223,36
843,93	5485,60
843,97	5126,40
844,02	4349,04
844,07	3440,43
844,12	2772,96
844,17	2554,67
844,21	2776,09
844,26	3450,66
844,31	4141,96
844,36	4721,99
844,41	4939,05
844,46	4740,66
844,50	4194,81
844,55	3466,24
844,60	2776,92
844,65	2405,49
844,70	2428,16
844,75	2918,68
844,79	3607,81
844,84	4180,66
844,89	4579,32
844,94	4628,25
844,99	4276,59
845,03	3720,40
845,08	2981,28
845,13	2491,12
845,18	2461,11
845,23	2918,43
845,28	3659,56
845,32	4493,09
845,37	4938,07
845,42	5036,53
845,47	4647,14
845,52	4072,09
845,56	3323,95
845,61	2627,59
845,66	2284,74
845,71	2405,35
845,76	3037,03
845,81	3747,39
845,85	4571,21
845,90	5103,72
845,95	5184,17
846,00	4733,17
846,05	4013,49
846,09	3099,66
846,14	2480,97
846,19	2312,68
846,24	2616,57
846,29	3358,98
846,33	4311,57
846,38	5150,46
846,43	5661,81
846,48	5583,02
846,53	4921,95
846,58	3980,51
846,62	3029,18
846,67	2407,63
846,72	2152,58
846,77	2450,44
846,82	3082,78
846,86	4009,32
846,91	4940,21
846,96	5437,49
847,01	5407,54
847,06	4898,37
847,10	4068,37
847,15	3174,37
847,20	2538,75
847,25	2312,57
847,30	2622,61
847,34	3256,17
847,39	4103,16
847,44	4862,60
847,49	5408,54
847,54	5388,60
847,58	4866,41
847,63	4030,17
847,68	3158,59
847,73	2460,04
847,78	2162,46
847,82	2325,56
847,87	2876,47
847,92	3623,85
847,97	4406,08
848,02	4786,53
848,06	4881,31
848,11	4608,22
848,16	3876,09
848,21	3094,70
848,26	2462,01
848,30	2180,47
848,35	2288,63
848,40	2792,60
848,45	3584,95
848,49	4293,53
848,54	4851,56
848,59	4998,82
848,64	4824,58
848,69	4116,93
848,73	3353,56
848,78	2613,52
848,83	2192,97
848,88	2173,19
848,93	2513,79
848,97	3209,40
849,02	3842,90
849,07	4404,02
849,12	4587,17
849,16	4454,92
849,21	4041,57
849,26	3354,96
849,31	2788,75
849,36	2329,81
849,40	2337,86
849,45	2660,44
849,50	3379,85
849,55	4132,99
849,60	4729,74
849,64	5030,79
849,69	4918,10
849,74	4507,50
849,79	3780,23
849,83	3008,95
849,88	2435,23
849,93	2140,22
849,98	2239,07
850,03	2700,39
850,07	3441,77
850,12	4010,42
850,17	4449,64
850,22	4538,49
850,26	4397,81
850,31	3964,56
850,36	3310,84
850,41	2635,50
850,46	2224,11
850,50	2237,06
850,55	2603,68
850,60	3202,25
850,65	4004,74
850,69	4654,37
850,74	5035,71
850,79	5086,68
850,84	4690,16
850,89	3996,65
850,93	3303,21
850,98	2657,44
851,03	2258,81
851,08	2202,17
851,12	2596,43
851,17	3216,30
851,22	3953,66
851,27	4612,30
851,31	4985,11
851,36	4802,69
851,41	4457,10
851,46	3797,11
851,50	3123,67
851,55	2532,71
851,60	2242,91
851,65	2367,38
851,70	2913,61
851,74	3662,69
851,79	4455,00
851,84	5104,44
851,89	5399,58
851,93	5255,93
851,98	4679,76
852,03	3983,54
852,08	3187,46
852,12	2485,08
852,17	2073,48
852,22	2151,58
852,27	2499,11
852,31	3227,38
852,36	4074,21
852,41	4750,84
852,46	5077,79
852,50	5027,02
852,55	4633,25
852,60	3874,77
852,65	3169,65
852,70	2543,08
852,74	2062,91
852,79	2089,81
852,84	2568,59
852,89	3280,15
852,93	4103,02
852,98	4812,14
853,03	5150,34
853,08	5364,87
853,12	5013,97
853,17	4366,22
853,22	3580,29
853,27	2727,21
853,31	2192,30
853,36	1928,18
853,41	2145,32
853,46	2612,45
853,50	3307,03
853,55	4206,01
853,60	4919,16
853,65	5211,28
853,69	5088,67
853,74	4648,34
853,79	3955,68
853,84	3272,06
853,88	2662,68
853,93	2275,86
853,98	2171,50
854,03	2579,77
854,07	3285,99
854,12	4163,74
854,17	4965,12
854,21	5470,57
854,26	5565,99
854,31	5258,75
854,36	4608,20
854,40	3859,19
854,45	3076,91
854,50	2496,37
854,55	2207,46
854,59	2281,09
854,64	2623,65
854,69	3305,16
854,74	4176,87
854,78	4960,01
854,83	5408,67
854,88	5436,41
854,93	5027,80
854,97	4418,99
855,02	3644,88
855,07	2976,06
855,12	2417,10
855,16	2173,39
855,21	2306,84
855,26	2699,42
855,30	3337,80
855,35	4050,48
855,40	4682,25
855,45	5045,92
855,49	5111,41
855,54	4720,79
855,59	4028,13
855,64	3307,85
855,68	2631,53
855,73	2059,68
855,78	1855,83
855,82	1966,36
855,87	2417,49
855,92	3197,61
855,97	4047,49
856,01	4748,89
856,06	5186,24
856,11	5128,47
856,16	4727,90
856,20	4238,85
856,25	3457,37
856,30	2772,04
856,34	2204,17
856,39	1894,51
856,44	1933,32
856,49	2278,02
856,53	2881,49
856,58	3608,13
856,63	4290,70
856,68	4649,01
856,72	4759,53
856,77	4652,16
856,82	4143,97
856,86	3521,30
856,91	2814,80
856,96	2223,03
857,01	1908,15
857,05	1859,42
857,10	2182,40
857,15	2807,01
857,19	3613,95
857,24	4347,29
857,29	4933,15
857,34	5136,61
857,38	5149,32
857,43	4768,70
857,48	4164,96
857,52	3442,48
857,57	2745,96
857,62	2157,37
857,67	1837,85
857,71	1784,59
857,76	2123,49
857,81	2670,12
857,85	3334,95
857,90	3963,61
857,95	4498,74
858,00	4680,10
858,04	4560,31
858,09	4258,60
858,14	3810,10
858,18	3183,70
858,23	2576,85
858,28	2065,61
858,33	1835,49
858,37	1881,42
858,42	2221,06
858,47	2733,13
858,51	3441,47
858,56	4004,44
858,61	4474,83
858,66	4707,90
858,70	4658,16
858,75	4414,29
858,80	3883,94
858,84	3268,25
858,89	2605,78
858,94	1994,97
858,98	1630,26
859,03	1571,66
859,08	1851,74
859,13	2258,28
859,17	2852,78
859,22	3465,52
859,27	4009,60
859,31	4401,79
859,36	4554,68
859,41	4488,84
859,45	4139,97
859,50	3621,76
859,55	3061,15
859,60	2336,70
859,64	1896,52
859,69	1637,37
859,74	1747,85
859,78	2012,99
859,83	2523,26
859,88	3140,49
859,92	3750,56
859,97	4153,08
860,02	4366,20
860,06	4515,74
860,11	4375,21
860,16	4055,44
860,21	3600,06
860,25	3013,16
860,30	2446,40
860,35	2080,80
860,39	1921,18
860,44	2067,63
860,49	2430,52
860,53	2966,15
860,58	3701,43
860,63	4328,22
860,67	4863,52
860,72	5200,39
860,77	5264,25
860,82	4863,36
860,86	4353,47
860,91	3563,07
860,96	2780,13
861,00	2123,55
861,05	1689,28
861,10	1598,59
861,14	1823,95
861,19	2269,09
861,24	2835,82
861,28	3508,11
861,33	4252,36
861,38	4664,11
861,42	4912,10
861,47	4784,64
861,52	4386,05
861,56	3874,99
861,61	3231,43
861,66	2500,92
861,70	1971,15
861,75	1600,68
861,80	1455,98
861,84	1622,52
861,89	2082,45
861,94	2665,49
861,99	3386,93
862,03	3994,34
862,08	4640,08
862,13	4855,49
862,17	4757,86
862,22	4394,16
862,27	3921,86
862,31	3194,28
862,36	2586,65
862,41	2047,02
862,45	1633,63
862,50	1425,23
862,55	1419,21
862,59	1734,10
862,64	2198,17
862,69	2792,09
862,73	3403,74
862,78	3953,58
862,83	4330,23
862,87	4465,82
862,92	4383,14
862,97	4117,05
863,01	3656,73
863,06	3089,80
863,11	2549,91
863,15	2035,94
863,20	1640,28
863,25	1424,86
863,29	1398,99
863,34	1593,31
863,39	1926,28
863,43	2330,81
863,48	2775,03
863,53	3200,44
863,57	3499,22
863,62	3712,49
863,67	3752,17
863,71	3636,84
863,76	3456,47
863,81	3102,87
863,85	2652,60
863,90	2097,49
863,95	1705,41
863,99	1412,31
864,04	1274,60
864,09	1377,45
864,13	1626,53
864,18	2017,24
864,23	2496,06
864,27	3024,06
864,32	3539,09
864,36	3957,83
864,41	4136,00
864,46	4073,45
864,50	3838,94
864,55	3476,56
864,60	2972,33
864,64	2371,81
864,69	1818,74
864,74	1477,09
864,78	1244,48
864,83	1238,61
864,88	1389,18
864,92	1766,02
864,97	2225,06
865,02	2895,01
865,06	3438,78
865,11	4011,37
865,16	4229,74
865,20	4363,21
865,25	4342,37
865,29	3987,36
865,34	3438,46
865,39	2927,28
865,43	2353,62
865,48	1838,64
865,53	1450,00
865,57	1184,72
865,62	1150,51
865,67	1280,49
865,71	1585,63
865,76	1995,14
865,81	2465,26
865,85	2844,89
865,90	3207,47
865,95	3425,70
865,99	3511,36
866,04	3589,00
866,08	3438,36
866,13	3145,55
866,18	2786,74
866,22	2387,40
866,27	1988,12
866,32	1617,60
866,36	1318,43
866,41	1120,72
866,46	1076,99
866,50	1195,98
866,55	1377,31
866,59	1712,12
866,64	2084,68
866,69	2439,10
866,73	2874,70
866,78	3230,29
866,83	3468,45
866,87	3561,53
866,92	3539,32
866,97	3329,19
867,01	2976,28
867,06	2505,96
867,10	1991,20
867,15	1571,54
867,20	1257,54
867,24	1068,76
867,29	1016,91
867,34	1087,97
867,38	1330,46
867,43	1700,39
867,47	2196,45
867,52	2648,49
867,57	3111,94
867,61	3443,60
867,66	3637,86
867,71	3671,70
867,75	3542,22
867,80	3233,40
867,84	2885,55
867,89	2458,31
867,94	1969,06
867,98	1575,69
868,03	1272,56
868,08	1005,92
868,12	869,87
868,17	827,79
868,21	948,88
868,26	1187,56
868,31	1551,67
868,35	1810,85
868,40	2255,28
868,45	2556,56
868,49	2897,51
868,54	3118,75
868,58	3266,38
868,63	3150,38
868,68	3081,91
868,72	2934,29
868,77	2745,27
868,81	2426,58
868,86	2024,13
868,91	1642,45
868,95	1320,62
869,00	1068,94
869,05	909,03
869,09	804,86
869,14	910,19
869,18	1121,11
869,23	1417,33
869,28	1748,01
869,32	2103,55
869,37	2566,76
869,41	2890,51
869,46	3177,58
869,51	3299,86
869,55	3271,24
869,60	3150,42
869,65	2854,51
869,69	2490,96
869,74	2071,77
869,78	1661,47
869,83	1254,36
869,88	990,96
869,92	808,99
869,97	738,82
870,01	714,91
870,06	844,00
870,11	1023,95
870,15	1260,44
870,20	1552,70
870,24	1883,62
870,29	2062,79
870,34	2297,01
870,38	2471,11
870,43	2586,67
870,47	2606,71
870,52	2687,55
870,57	2520,76
870,61	2374,41
870,66	2146,42
870,70	1889,35
870,75	1596,67
870,80	1282,52
870,84	1011,93
870,89	801,92
870,93	685,80
870,98	673,77
871,03	700,76
871,07	854,91
871,12	1108,94
871,16	1423,98
871,21	1767,89
871,26	2087,57
871,30	2392,55
871,35	2580,61
871,39	2755,10
871,44	2809,17
871,49	2781,90
871,53	2656,48
871,58	2389,35
871,62	2122,43
871,67	1872,84
871,71	1578,70
871,76	1352,22
871,81	1080,84
871,85	962,31
871,90	794,01
871,94	690,81
871,99	669,74
872,04	737,01
872,08	827,91
872,13	987,88
872,17	1215,66
872,22	1482,05
872,27	1738,02
872,31	1980,09
872,36	2238,28
872,40	2409,38
872,45	2564,63
872,49	2654,14
872,54	2661,42
872,59	2603,58
872,63	2421,43
872,68	2187,30
872,72	1920,33
872,77	1609,63
872,82	1295,34
872,86	1022,76
872,91	842,08
872,95	650,50
873,00	551,31
873,04	497,08
873,09	510,03
873,14	642,69
873,18	788,77
873,23	1014,89
873,27	1293,32
873,32	1491,61
873,36	1767,73
873,41	1991,15
873,46	2164,37
873,50	2215,86
873,55	2344,55
873,59	2423,26
873,64	2365,51
873,68	2326,00
873,73	2290,16
873,78	2083,00
873,82	1896,56
873,87	1675,50
873,91	1406,99
873,96	1170,71
874,00	939,11
874,05	720,77
874,10	568,26
874,14	516,17
874,19	510,11
874,23	583,52
874,28	672,74
874,32	788,05
874,37	981,73
874,42	1211,59
874,46	1492,88
874,51	1731,07
874,55	1984,16
874,60	2128,71
874,64	2185,26
874,69	2232,26
874,74	2216,26
874,78	2199,33
874,83	2176,38
874,87	2038,03
874,92	1906,44
874,96	1755,68
875,01	1604,35
875,05	1462,98
875,10	1292,31
875,15	1085,03
875,19	931,97
875,24	756,06
875,28	608,66
875,33	482,97
875,37	460,00
875,42	417,62
875,47	488,00
875,51	611,55
875,56	780,11
875,60	925,99
875,65	1171,67
875,69	1392,07
875,74	1648,39
875,78	1863,53
875,83	2058,50
875,88	2147,45
875,92	2153,31
875,97	2175,57
876,01	2137,51
876,06	2122,66
876,10	2055,84
876,15	1979,12
876,19	1818,80
876,24	1725,17
876,28	1558,49
876,33	1424,37
876,38	1211,70
876,42	1016,72
876,47	836,95
876,51	700,91
876,56	552,30
876,60	446,78
876,65	358,09
876,69	360,08
876,74	389,35
876,78	438,51
876,83	530,11
876,88	729,01
876,92	884,22
876,97	1041,81
877,01	1230,83
877,06	1407,22
877,10	1558,60
877,15	1597,35
877,19	1659,23
877,24	1755,21
877,28	1780,90
877,33	1855,58
877,38	1846,67
877,42	1796,80
877,47	1782,73
877,51	1831,69
877,56	1798,88
877,60	1723,91
877,65	1600,70
877,69	1446,75
877,74	1298,50
877,78	1087,88
877,83	918,88
877,87	755,86
877,92	615,71
877,96	478,97
878,01	431,68
878,06	343,96
878,10	356,01
878,15	391,42
878,19	422,71
878,24	501,17
878,28	594,51
878,33	678,61
878,37	797,96
878,42	923,91
878,46	1035,68
878,51	1142,56
878,55	1303,76
878,60	1339,51
878,64	1488,10
878,69	1506,94
878,74	1637,65
878,78	1789,71
878,83	1905,53
878,87	1988,19
878,92	2059,72
878,96	2027,93
879,01	2014,19
879,05	1919,21
879,10	1725,01
879,14	1573,53
879,19	1419,17
879,23	1264,66
879,28	1078,91
879,32	972,99
879,37	868,98
879,41	755,04
879,46	681,93
879,50	634,68
879,55	553,39
879,59	492,97
879,64	428,65
879,68	369,10
879,73	349,06
879,78	349,13
879,82	344,98
879,87	356,05
879,91	419,59
879,96	512,10
880,00	651,76
880,05	765,77
880,09	982,14
880,14	1094,89
880,18	1166,61
880,23	1300,44
880,27	1419,01
880,32	1528,68
880,36	1615,19
880,41	1594,36
880,45	1636,33
880,50	1610,41
880,54	1657,26
880,59	1656,22
880,63	1709,93
880,68	1734,12
880,72	1741,93
880,77	1727,88
880,81	1704,13
880,86	1598,51
880,90	1476,91
880,95	1340,49
880,99	1192,76
881,04	1071,87
881,08	971,89
881,13	813,01
881,17	714,76
881,22	607,40
881,26	527,22
881,31	451,75
881,35	413,59
881,40	382,37
881,44	329,95
881,49	296,70
881,53	278,48
881,58	258,30
881,62	252,20
881,67	243,15
881,71	251,23
881,76	279,49
881,80	333,06
881,85	377,21
881,89	450,79
881,94	529,15
881,98	618,51
882,03	686,67
882,07	811,04
882,12	924,04
882,16	999,75
882,21	1076,79
882,25	1178,66
882,30	1253,74
882,34	1291,54
882,39	1330,32
882,43	1334,12
882,48	1387,30
882,52	1465,15
882,57	1541,76
882,61	1655,17
882,66	1705,27
882,70	1722,04
882,75	1725,11
882,79	1735,89
882,84	1686,26
882,88	1581,67
882,93	1503,69
882,97	1399,11
883,02	1311,35
883,06	1258,58
883,11	1197,38
883,15	1111,72
883,20	1095,74
883,24	1084,71
883,29	1041,71
883,33	1012,00
883,38	955,95
883,42	867,89
883,47	813,17
883,51	716,82
883,56	618,63
883,60	516,05
883,64	428,52
883,69	398,33
883,73	358,12
883,78	299,69
883,82	278,44
883,87	272,42
883,91	282,62
883,96	260,29
884,00	238,04
884,05	224,00
884,09	199,62
884,14	214,87
884,18	210,79
884,23	216,84
884,27	231,06
884,32	260,32
884,36	274,41
884,41	288,42
884,45	339,05
884,50	371,17
884,54	417,60
884,58	483,04
884,63	516,08
884,67	578,32
884,72	619,59
884,76	647,53
884,81	689,85
884,85	715,58
884,90	758,91
884,94	788,88
884,99	843,00
885,03	880,07
885,08	911,11
885,12	991,02
885,17	1074,88
885,21	1149,60
885,26	1233,81
885,30	1269,36
885,34	1259,65
885,39	1244,54
885,43	1220,78
885,48	1185,74
885,52	1161,58
885,57	1145,66
885,61	1125,70
885,66	1128,80
885,70	1144,85
885,75	1227,63
885,79	1275,63
885,84	1319,28
885,88	1358,25
885,92	1423,12
885,97	1439,13
886,01	1436,12
886,06	1392,21
886,10	1323,21
886,15	1270,51
886,19	1256,49
886,24	1246,46
886,28	1239,79
886,33	1188,75
886,37	1137,80
886,42	1164,70
886,46	1127,91
886,50	1124,94
886,55	1118,93
886,59	1122,12
886,64	1112,95
886,68	1068,73
886,73	1011,76
886,77	966,91
886,82	855,85
886,86	819,97
886,91	778,87
886,95	754,86
886,99	770,82
887,04	755,76
887,08	695,66
887,13	727,92
887,17	777,89
887,22	827,04
887,26	800,86
887,31	763,56
887,35	733,75
887,39	696,75
887,44	620,36
887,48	570,41
887,53	519,19
887,57	483,87
887,62	453,69
887,66	478,97
887,71	472,91
887,75	470,84
887,79	454,76
887,84	443,63
887,88	436,68
887,93	439,82
887,97	413,60
888,02	393,35
888,06	360,14
888,11	356,16
888,15	351,17
888,19	345,15
888,24	306,75
888,28	325,87
888,33	297,67
888,37	271,37
888,42	287,52
888,46	280,48
888,50	274,38
888,55	283,54
888,59	246,18
888,64	238,13
888,68	229,02
888,73	229,00
888,77	230,03
888,82	214,85
888,86	209,84
888,90	195,65
888,95	162,21
888,99	171,36
889,04	157,18
889,08	156,13
889,13	160,25
889,17	145,05
889,21	171,41
889,26	171,42
889,30	136,95
889,35	146,08
889,39	133,92
889,44	151,13
889,48	144,05
889,52	138,99
889,57	127,83
889,61	116,67
889,66	141,04
889,70	144,08
889,75	149,12
889,79	127,82
889,83	140,00
889,88	151,11
889,92	129,84
889,97	155,24
890,01	112,64
890,05	109,61
890,10	113,70
890,14	100,52
890,19	107,58
890,23	96,41
890,28	114,69
890,32	120,77
890,36	115,70
890,41	119,76
890,45	101,51
890,50	101,49
890,54	108,57
890,59	113,66
890,63	108,60
890,67	124,83
890,72	112,66
890,76	106,56
890,81	99,47
890,85	103,51
890,89	92,35
890,94	99,46
890,98	109,63
891,03	117,74
891,07	96,42
891,11	100,46
891,16	118,73
891,20	110,63
891,25	96,46
891,29	101,47
891,34	94,41
891,38	96,43
891,42	95,43
891,47	101,52
891,51	115,72
891,56	101,54
891,60	84,27
891,64	95,42
891,69	102,52
891,73	88,35
891,78	84,27
891,82	101,52
891,86	77,19
891,91	93,40
891,95	83,25
892,00	88,35
892,04	90,37
892,08	70,07
892,13	92,42
892,17	74,12
892,22	72,09
892,26	53,83
892,30	74,11
892,35	75,14
892,39	73,10
892,44	72,09
892,48	95,45
892,52	78,18
892,57	74,13
892,61	48,74
892,66	73,11
892,70	53,82
892,74	48,75
892,79	41,64
892,83	51,80
892,88	38,60
892,92	66,02
892,96	54,86
893,01	42,66
893,05	68,05
893,10	58,91
893,14	37,58
893,18	53,84
893,23	50,80
893,27	46,73
893,32	62,98
893,36	47,75
893,40	41,66
893,45	52,83
893,49	34,54
893,53	45,72
893,58	42,66
893,62	15,24
893,67	28,46
893,71	27,44
893,75	13,21
893,80	21,34
893,84	20,32
893,89	25,41
893,93	39,63
893,97	9,15
894,02	24,38
894,06	19,31
894,10	15,24
894,15	12,20
894,19	19,31
894,24	4,06
894,28	11,18
894,32	24,39
894,37	11,18
894,41	20,33
894,46	12,20
894,50	10,16
894,54	12,19
894,59	4,07
894,63	22,36
894,67	8,13
894,72	2,03
894,76	22,36
894,81	41,66
894,85	43,70
894,89	34,55
894,94	14,22
894,98	29,47
895,02	49,79
895,07	59,96
895,11	9,14
895,16	29,46
895,20	30,48
895,24	18,29
895,29	-3,05
895,33	24,38
895,37	27,43
895,42	36,57
895,46	31,50
